красный 1 12 16 23 35 50 82 93
связь 1 2 3 4 5 6 7 8 9 10 11 12 13 14 15 16 17 18 19 20 21 22 23 24 25 26 27 28 29 30 31 32 33 34 35 36 37 38 39 40 41 42 43 44 45 46 47 48 49 50 51 52 53 54 55 56 57 58 59 60 61 62 63 64 65 66 67 68 69 70 71 72 73 74 75 76 77 78 79 80 81 82 83 84 85 86 87 88 89 90 91 92 93 94 95 96 97 98 99 100
сайрусый 1
автор 1 2 3 4 5 6 7 8 9 10 11 12 13 14 15 16 17 18 19 20 21 22 23 24 25 26 27 28 29 30 31 32 33 34 35 36 37 38 39 40 41 42 43 44 45 46 47 48 49 50 51 52 53 54 55 56 57 58 59 60 61 62 63 64 65 66 67 68 69 70 71 72 73 74 75 76 77 78 79 80 81 82 83 84 85 86 87 88 89 90 91 92 93 94 95 96 97 98 99 100
хороший 1 5 10 39 44 46 57 58 62 66 67 69 77 78 86 88 90
разговаривать 1 89
имя 1 39 43 50 69 70 94
отвести 1 86
общение 1 2 3 4 5 6 7 8 9 10 11 12 13 14 15 16 17 18 19 20 21 22 23 24 25 26 27 28 29 30 31 32 33 34 35 36 37 38 39 40 41 42 43 44 45 46 47 48 49 50 51 52 53 54 55 56 57 58 59 60 61 62 63 64 65 66 67 68 69 70 71 72 73 74 75 76 77 78 79 80 81 82 83 84 85 86 87 88 89 90 91 92 93 94 95 96 97 98 99 100
перевод 1 2 3 4 5 6 7 8 9 10 11 12 13 14 15 16 17 18 19 20 21 22 23 24 25 26 27 28 29 30 31 32 33 34 35 36 37 38 39 40 41 42 43 44 45 46 47 48 49 50 51 52 53 54 55 56 57 58 59 60 61 62 63 64 65 66 67 68 69 70 71 72 73 74 75 76 77 78 79 80 81 82 83 84 85 86 87 88 89 90 91 92 93 94 95 96 97 98 99 100
хотеть 1 3 5 7 8 9 11 14 18 24 25 26 27 28 31 34 36 39 40 43 44 46 48 49 50 52 54 57 59 60 62 64 65 67 68 73 77 78 79 81 82 86 90 91 99
рейтинг 1 2 3 4 5 6 7 8 9 10 11 12 13 14 15 16 17 18 19 20 21 22 23 24 25 26 27 28 29 30 31 32 33 34 35 36 37 38 39 40 41 42 43 44 45 46 47 48 49 50 51 52 53 54 55 56 57 58 59 60 61 62 63 64 65 66 67 68 69 70 71 72 73 74 75 76 77 78 79 80 81 82 83 84 85 86 87 88 89 90 91 92 93 94 95 96 97 98 99 100
текст 1 2 3 4 5 6 7 8 9 10 11 12 13 14 15 16 17 18 19 20 21 22 23 24 25 26 27 28 29 30 31 32 33 34 35 36 37 38 39 40 41 42 43 44 45 46 47 48 49 50 51 52 53 54 55 56 57 58 59 60 61 62 63 64 65 66 67 68 69 70 71 72 73 74 75 76 77 78 79 80 81 82 83 84 85 86 87 88 89 90 91 92 93 94 95 96 97 98 99 100
уходить 1 57 60 86 89 91 96
видеоклип 1 2 3 4 5 6 7 8 9 10 12 13 14 15 16 17 18 19 20 21 22 23 24 25 26 27 28 29 30 31 32 33 34 35 36 37 38 39 40 41 42 43 44 45 46 47 48 49 50 52 53 54 55 56 57 58 59 60 61 62 63 64 65 66 67 68 69 70 71 72 73 74 75 77 78 79 80 81 82 83 84 85 86 87 88 89 90 91 92 93 94 95 96 98 99 100
испанский 1 2 3 4 5 6 7 8 9 10 11 12 13 14 15 16 17 18 19 20 21 22 23 24 25 26 27 28 29 30 31 32 33 34 35 36 37 38 39 40 41 42 43 44 45 46 47 48 49 50 51 52 53 54 55 56 57 58 59 60 61 62 63 64 65 66 67 68 69 70 71 72 73 74 75 76 77 78 79 80 81 82 83 84 85 86 87 88 89 90 91 92 93 94 95 96 97 98 99 100
загрузка 1 2 3 4 5 6 7 8 9 10 11 12 13 14 15 16 17 18 19 20 21 22 23 24 25 26 27 28 29 30 31 32 33 34 35 36 37 38 39 40 41 42 43 44 45 46 47 48 49 50 51 52 53 54 55 56 57 58 59 60 61 62 63 64 65 66 67 68 69 70 71 72 73 74 75 76 77 78 79 80 81 82 83 84 85 86 87 88 89 90 91 92 93 94 95 96 97 98 99 100
построить 1
отказ 1 2 3 4 5 6 7 8 9 10 12 13 14 15 16 17 18 19 20 21 22 23 24 25 26 27 28 29 30 31 32 33 34 35 36 37 38 39 40 41 42 43 44 45 46 47 48 49 50 52 53 54 55 56 57 58 59 60 61 62 63 64 65 66 67 68 69 70 71 72 73 74 75 77 78 79 80 81 82 83 84 85 86 87 88 89 90 91 92 93 94 95 96 98 99 100
интересный 1 2 3 4 5 6 7 8 9 10 11 12 13 14 15 16 17 18 19 20 21 22 23 24 25 26 27 28 29 30 31 32 33 34 35 36 37 38 39 40 41 42 43 44 45 46 47 48 49 50 51 52 53 54 55 56 57 58 59 60 61 62 63 64 65 66 67 68 69 70 71 72 73 74 75 76 77 78 79 80 81 82 83 84 85 86 87 88 89 90 91 92 93 94 95 96 97 98 99 100
политика 1 2 3 4 5 6 7 8 9 10 11 12 13 14 15 16 17 18 19 20 21 22 23 24 25 26 27 28 29 30 31 32 33 34 35 36 37 38 39 40 41 42 43 44 45 46 47 48 49 50 51 52 53 54 55 56 57 58 59 60 61 62 63 64 65 66 67 68 69 70 71 72 73 74 75 76 77 78 79 80 81 82 83 84 85 86 87 88 89 90 91 92 93 94 95 96 97 98 99 100
сам 1 15 17 21 22 41 53 71 79 81
форум 1 2 3 4 5 6 7 8 9 10 11 12 13 14 15 16 17 18 19 20 21 22 23 24 25 26 27 28 29 30 31 32 33 34 35 36 37 38 39 40 41 42 43 44 45 46 47 48 49 50 51 52 53 54 55 56 57 58 59 60 61 62 63 64 65 66 67 68 69 70 71 72 73 74 75 76 77 78 79 80 81 82 83 84 85 86 87 88 89 90 91 92 93 94 95 96 97 98 99 100
принадлежать 1 2 3 4 5 6 7 8 9 10 11 12 13 14 15 16 17 18 19 20 21 22 23 24 25 26 27 28 29 30 31 32 33 34 35 36 37 38 39 40 41 42 43 44 45 46 47 48 49 50 51 52 53 54 55 56 57 58 59 60 61 62 63 64 65 66 67 68 69 70 71 72 73 74 75 76 77 78 79 80 81 82 83 84 85 86 87 88 89 90 91 92 93 94 95 96 97 98 99 100
пока 1 6 7 10 15 17 20 21 23 25 42 43 46 51 58 60 65 66 73 76 79 86 89 90
возможный 1 2 3 4 5 6 7 8 9 10 12 13 14 15 16 17 18 19 20 21 22 23 24 25 26 27 28 29 30 31 32 33 34 35 36 37 38 39 40 41 42 43 44 45 46 47 48 49 50 52 53 54 55 56 57 58 59 60 61 62 63 64 65 66 67 68 69 70 71 72 73 74 75 77 78 79 80 81 82 83 84 85 86 87 88 89 90 91 92 93 94 95 96 98 99 100
свой 1 7 8 12 15 18 24 26 28 29 30 32 34 35 36 38 40 42 44 46 50 51 53 57 59 60 68 71 77 78 79 86 90 92 96
выйти 1 2 3 4 5 6 7 8 9 10 11 12 13 14 15 16 17 18 19 20 21 22 23 24 25 26 27 28 29 30 31 32 33 34 35 36 37 38 39 40 41 42 43 44 45 46 47 48 49 50 51 52 53 54 55 56 57 58 59 60 61 62 63 64 65 66 67 68 69 70 71 72 73 74 75 76 77 78 79 80 81 82 83 84 85 86 87 88 89 90 91 92 93 94 95 96 97 98 99 100
понимать 1 34 36 43 46 52 59 64 65 76 78 84 91
ссориться 1
понравиться 1 2 3 4 5 6 7 8 9 10 11 12 13 14 15 16 17 18 19 20 21 22 23 24 25 26 27 28 29 30 31 32 33 34 35 36 37 38 39 40 41 42 43 44 45 46 47 48 49 50 51 52 53 54 55 56 57 58 59 60 61 62 63 64 65 66 67 68 69 70 71 72 73 74 75 76 77 78 79 80 81 82 83 84 85 86 87 88 89 90 91 92 93 94 95 96 97 98 99 100
раскаяние 1
радио 1 2 3 4 5 6 7 8 9 10 11 12 13 14 15 16 17 18 19 20 21 22 23 24 25 26 27 28 29 30 31 32 33 34 35 36 37 38 39 40 41 42 43 44 45 46 47 48 49 50 51 52 53 54 55 56 57 58 59 60 61 62 63 64 65 66 67 68 69 70 71 72 73 74 75 76 77 78 79 80 81 82 83 84 85 86 87 88 89 90 91 92 93 94 95 96 97 98 99 100
популярный 1 2 3 4 5 6 7 8 9 10 11 12 13 14 15 16 17 18 19 20 21 22 23 24 25 26 27 28 29 30 31 32 33 34 35 36 37 38 39 40 41 42 43 44 45 46 47 48 49 50 51 52 53 54 55 56 57 58 59 60 61 62 63 64 65 66 67 68 69 70 71 72 73 74 75 76 77 78 79 80 81 82 83 84 85 86 87 88 89 90 91 92 93 94 95 96 97 98 99 100
сеть 1 2 3 4 5 6 7 8 9 10 11 12 13 14 15 16 17 18 19 20 21 22 23 24 25 26 27 28 29 30 31 32 33 34 35 36 37 38 39 40 41 42 43 44 45 46 47 48 49 50 51 52 53 54 55 56 57 58 59 60 61 62 63 64 65 66 67 68 69 70 71 72 73 74 75 76 77 78 79 80 81 82 83 84 85 86 87 88 89 90 91 92 93 94 95 96 97 98 99 100
ошибиться 1
право 1 2 3 4 5 6 7 8 9 10 11 12 13 14 15 16 17 18 19 20 21 22 23 24 25 26 27 28 29 30 31 32 33 34 35 36 37 38 39 40 41 42 43 44 45 46 47 48 49 50 51 52 53 54 55 56 57 58 59 60 61 62 63 64 65 66 67 68 69 70 71 72 73 74 75 76 77 78 79 80 81 82 83 84 85 86 87 88 89 90 91 92 93 94 95 96 97 98 99 100
твой 1 8 9 11 14 18 19 21 25 26 29 32 34 37 39 40 42 46 48 49 50 51 53 54 55 56 57 60 62 64 65 66 68 69 71 73 75 78 82 86 89 90 91 98 100
наш 1 2 3 4 5 6 7 8 9 10 11 12 13 14 15 16 17 18 19 20 21 22 23 24 25 26 27 28 29 30 31 32 33 34 35 36 37 38 39 40 41 42 43 44 45 46 47 48 49 50 51 52 53 54 55 56 57 58 59 60 61 62 63 64 65 66 67 68 69 70 71 72 73 74 75 76 77 78 79 80 81 82 83 84 85 86 87 88 89 90 91 92 93 94 95 96 97 98 99 100
танец 1 26 46
продаваться 1
сайт 1 2 3 4 5 6 7 8 9 10 11 12 13 14 15 16 17 18 19 20 21 22 23 24 25 26 27 28 29 30 31 32 33 34 35 36 37 38 39 40 41 42 43 44 45 46 47 48 49 50 51 52 53 54 55 56 57 58 59 60 61 62 63 64 65 66 67 68 69 70 71 72 73 74 75 76 77 78 79 80 81 82 83 84 85 86 87 88 89 90 91 92 93 94 95 96 97 98 99 100
майли 1
слово 1 2 8 10 17 24 26 29 32 39 50 57 59 65 73 74 75 85 91 98
себя 1 20 57 69 79 93
мелодия 1 2 3 4 5 6 7 8 9 10 11 12 13 14 15 16 17 18 19 20 21 22 23 24 25 26 27 28 29 30 31 32 33 34 35 36 37 38 39 40 41 42 43 44 45 46 47 48 49 50 51 52 53 54 55 56 57 58 59 60 61 62 63 64 65 66 67 68 69 70 71 72 73 74 75 76 77 78 79 80 81 82 83 84 85 86 87 88 89 90 91 92 93 94 95 96 97 98 99 100
собственный 1 57 78
часами 1
клип 1 2 3 4 5 6 7 8 9 10 12 13 14 15 16 17 18 19 20 21 22 23 24 25 26 27 28 29 30 31 32 33 34 35 36 37 38 39 40 41 42 43 44 45 46 47 48 49 50 52 53 54 55 56 57 58 59 60 61 62 63 64 65 66 67 68 69 70 71 72 73 74 75 77 78 79 80 81 82 83 84 85 86 87 88 89 90 91 92 93 94 95 96 98 99 100
возможность 1 2 3 4 5 6 7 8 9 10 11 12 13 14 15 16 17 18 19 20 21 22 23 24 25 26 27 28 29 30 31 32 33 34 35 36 37 38 39 40 41 42 43 44 45 46 47 48 49 50 51 52 53 54 55 56 57 58 59 60 61 62 63 64 65 66 67 68 69 70 71 72 73 74 75 76 77 78 79 80 81 82 83 84 85 86 87 88 89 90 91 92 93 94 95 96 97 98 99 100
оставить 1 7 18 20 25 28 37 39 46 59 65 75 78 90
хит 1 2 3 4 5 6 7 8 9 10 11 12 13 14 15 16 17 18 19 20 21 22 23 24 25 26 27 28 29 30 31 32 33 34 35 36 37 38 39 40 41 42 43 44 45 46 47 48 49 50 51 52 53 54 55 56 57 58 59 60 61 62 63 64 65 66 67 68 69 70 71 72 73 74 75 76 77 78 79 80 81 82 83 84 85 86 87 88 89 90 91 92 93 94 95 96 97 98 99 100
рука 1 5 6 9 13 15 20 24 38 43 51 52 53 57 67 69 71 75 76
малыш 1 7 27 36 60
цветок 1 16 23 72
наблюдать 1 93
тег 1 2 3 4 5 6 7 8 9 10 11 12 13 14 15 16 17 18 19 20 21 22 23 24 25 26 27 28 29 30 31 32 33 34 35 36 37 38 39 40 41 42 43 44 45 46 47 48 49 50 51 52 53 54 55 56 57 58 59 60 61 62 63 64 65 66 67 68 69 70 71 72 73 74 75 76 77 78 79 80 81 82 83 84 85 86 87 88 89 90 91 92 93 94 95 96 97 98 99 100
английский 1 2 3 4 5 6 7 8 9 10 11 12 13 14 15 16 17 18 19 20 21 22 23 24 25 26 27 28 29 30 31 32 33 34 35 36 37 38 39 40 41 42 43 44 45 46 47 48 49 50 51 52 53 54 55 56 57 58 59 60 61 62 63 64 65 66 67 68 69 70 71 72 73 74 75 76 77 78 79 80 81 82 83 84 85 86 87 88 89 90 91 92 93 94 95 96 97 98 99 100
персональный 1 2 3 4 5 6 7 8 9 10 11 12 13 14 15 16 17 18 19 20 21 22 23 24 25 26 27 28 29 30 31 32 33 34 35 36 37 38 39 40 41 42 43 44 45 46 47 48 49 50 51 52 53 54 55 56 57 58 59 60 61 62 63 64 65 66 67 68 69 70 71 72 73 74 75 76 77 78 79 80 81 82 83 84 85 86 87 88 89 90 91 92 93 94 95 96 97 98 99 100
паблик 1 2 3 4 5 6 7 8 9 10 11 12 13 14 15 16 17 18 19 20 21 22 23 24 25 26 27 28 29 30 31 32 33 34 35 36 37 38 39 40 41 42 43 44 45 46 47 48 49 50 51 52 53 54 55 56 57 58 59 60 61 62 63 64 65 66 67 68 69 70 71 72 73 74 75 76 77 78 79 80 81 82 83 84 85 86 87 88 89 90 91 92 93 94 95 96 97 98 99 100
песок 1
мой 1 2 3 4 5 6 7 8 9 10 11 12 13 14 15 16 17 18 19 20 21 22 23 24 25 26 27 28 29 30 31 32 33 34 35 36 37 38 39 40 41 42 43 44 45 46 47 48 49 50 51 52 53 54 55 56 57 58 59 60 61 62 63 64 65 66 67 68 69 70 71 72 73 74 75 76 77 78 79 80 81 82 83 84 85 86 87 88 89 90 91 92 93 94 95 96 97 98 99 100
итальянский 1 2 3 4 5 6 7 8 9 10 11 12 13 14 15 16 17 18 19 20 21 22 23 24 25 26 27 28 29 30 31 32 33 34 35 36 37 38 39 40 41 42 43 44 45 46 47 48 49 50 51 52 53 54 55 56 57 58 59 60 61 62 63 64 65 66 67 68 69 70 71 72 73 74 75 76 77 78 79 80 81 82 83 84 85 86 87 88 89 90 91 92 93 94 95 96 97 98 99 100
мнение 1 2 3 4 5 6 7 8 9 10 11 12 13 14 15 16 17 18 19 20 21 22 23 24 25 26 27 28 29 30 31 32 33 34 35 36 37 38 39 40 41 42 43 44 45 46 47 48 49 50 51 52 53 54 55 56 57 58 59 60 61 62 63 64 65 66 67 68 69 70 71 72 73 74 75 76 77 78 79 80 81 82 83 84 85 86 87 88 89 90 91 92 93 94 95 96 97 98 99 100
главный 1 2 3 4 5 6 7 8 9 10 11 12 13 14 15 16 17 18 19 20 21 22 23 24 25 26 27 28 29 30 31 32 33 34 35 36 37 38 39 40 41 42 43 44 45 46 47 48 49 50 51 52 53 54 55 56 57 58 59 60 61 62 63 64 65 66 67 68 69 70 71 72 73 74 75 76 77 78 79 80 81 82 83 84 85 86 87 88 89 90 91 92 93 94 95 96 97 98 99 100
авторизируться 1 2 3 4 5 6 7 8 9 10 11 12 13 14 15 16 17 18 19 20 21 22 23 24 25 26 27 28 29 30 31 32 33 34 35 36 37 38 39 40 41 42 43 44 45 46 47 48 49 50 51 52 53 54 55 56 57 58 59 60 61 62 63 64 65 66 67 68 69 70 71 72 73 74 75 76 77 78 79 80 81 82 83 84 85 86 87 88 89 90 91 92 93 94 95 96 97 98 99 100
вспомнить 1
ответственность 1 2 3 4 5 6 7 8 9 10 12 13 14 15 16 17 18 19 20 21 22 23 24 25 26 27 28 29 30 31 32 33 34 35 36 37 38 39 40 41 42 43 44 45 46 47 48 49 50 52 53 54 55 56 57 58 59 60 61 62 63 64 65 66 67 68 69 70 71 72 73 74 75 77 78 79 80 81 82 83 84 85 86 87 88 89 90 91 92 93 94 95 96 98 99 100
пожелание 1 2 3 4 5 6 7 8 9 10 11 12 13 14 15 16 17 18 19 20 21 22 23 24 25 26 27 28 29 30 31 32 33 34 35 36 37 38 39 40 41 42 43 44 45 46 47 48 49 50 51 52 53 54 55 56 57 58 59 60 61 62 63 64 65 66 67 68 69 70 71 72 73 74 75 76 77 78 79 80 81 82 83 84 85 86 87 88 89 90 91 92 93 94 95 96 97 98 99 100
золотой 1 43 93
конфиденциальность 1 2 3 4 5 6 7 8 9 10 11 12 13 14 15 16 17 18 19 20 21 22 23 24 25 26 27 28 29 30 31 32 33 34 35 36 37 38 39 40 41 42 43 44 45 46 47 48 49 50 51 52 53 54 55 56 57 58 59 60 61 62 63 64 65 66 67 68 69 70 71 72 73 74 75 76 77 78 79 80 81 82 83 84 85 86 87 88 89 90 91 92 93 94 95 96 97 98 99 100
несоответствие 1 2 3 4 5 6 7 8 9 10 12 13 14 15 16 17 18 19 20 21 22 23 24 25 26 27 28 29 30 31 32 33 34 35 36 37 38 39 40 41 42 43 44 45 46 47 48 49 50 52 53 54 55 56 57 58 59 60 61 62 63 64 65 66 67 68 69 70 71 72 73 74 75 77 78 79 80 81 82 83 84 85 86 87 88 89 90 91 92 93 94 95 96 98 99 100
материал 1 2 3 4 5 6 7 8 9 10 11 12 13 14 15 16 17 18 19 20 21 22 23 24 25 26 27 28 29 30 31 32 33 34 35 36 37 38 39 40 41 42 43 44 45 46 47 48 49 50 51 52 53 54 55 56 57 58 59 60 61 62 63 64 65 66 67 68 69 70 71 72 73 74 75 76 77 78 79 80 81 82 83 84 85 86 87 88 89 90 91 92 93 94 95 96 97 98 99 100
словно 1 25 27 37 39 40 56 58 59 65
держать 1 50 68 92
немецкий 1 2 3 4 5 6 7 8 9 10 11 12 13 14 15 16 17 18 19 20 21 22 23 24 25 26 27 28 29 30 31 32 33 34 35 36 37 38 39 40 41 42 43 44 45 46 47 48 49 50 51 52 53 54 55 56 57 58 59 60 61 62 63 64 65 66 67 68 69 70 71 72 73 74 75 76 77 78 79 80 81 82 83 84 85 86 87 88 89 90 91 92 93 94 95 96 97 98 99 100
авторский 1 2 3 4 5 6 7 8 9 10 11 12 13 14 15 16 17 18 19 20 21 22 23 24 25 26 27 28 29 30 31 32 33 34 35 36 37 38 39 40 41 42 43 44 45 46 47 48 49 50 51 52 53 54 55 56 57 58 59 60 61 62 63 64 65 66 67 68 69 70 71 72 73 74 75 76 77 78 79 80 81 82 83 84 85 86 87 88 89 90 91 92 93 94 95 96 97 98 99 100
песня 1 2 3 4 5 6 7 8 9 10 11 12 13 14 15 16 17 18 19 20 21 22 23 24 25 26 27 28 29 30 31 32 33 34 35 36 37 38 39 40 41 42 43 44 45 46 47 48 49 50 51 52 53 54 55 56 57 58 59 60 61 62 63 64 65 66 67 68 69 70 71 72 73 74 75 76 77 78 79 80 81 82 83 84 85 86 87 88 89 90 91 92 93 94 95 96 97 98 99 100
подписка 1 2 3 4 5 6 7 8 9 10 11 12 13 14 15 16 17 18 19 20 21 22 23 24 25 26 27 28 29 30 31 32 33 34 35 36 37 38 39 40 41 42 43 44 45 46 47 48 49 50 51 52 53 54 55 56 57 58 59 60 61 62 63 64 65 66 67 68 69 70 71 72 73 74 75 76 77 78 79 80 81 82 83 84 85 86 87 88 89 90 91 92 93 94 95 96 97 98 99 100
затем 1 4 47 69 74
французский 1 2 3 4 5 6 7 8 9 10 11 12 13 14 15 16 17 18 19 20 21 22 23 24 25 26 27 28 29 30 31 32 33 34 35 36 37 38 39 40 41 42 43 44 45 46 47 48 49 50 51 52 53 54 55 56 57 58 59 60 61 62 63 64 65 66 67 68 69 70 71 72 73 74 75 76 77 78 79 80 81 82 83 84 85 86 87 88 89 90 91 92 93 94 95 96 97 98 99 100
мочь 1 2 3 4 5 6 7 8 9 10 11 12 13 14 15 16 17 18 19 20 21 22 23 24 25 26 27 28 29 30 31 32 33 34 35 36 37 38 39 40 41 42 43 44 45 46 47 48 49 50 51 52 53 54 55 56 57 58 59 60 61 62 63 64 65 66 67 68 69 70 71 72 73 74 75 76 77 78 79 80 81 82 83 84 85 86 87 88 89 90 91 92 93 94 95 96 97 98 99 100
роза 1 9 50
пожалуйста 1 2 3 4 5 6 7 8 9 10 11 12 13 14 15 16 17 18 19 20 21 22 23 24 25 26 27 28 29 30 31 32 33 34 35 36 37 38 39 40 41 42 43 44 45 46 47 48 49 50 51 52 53 54 55 56 57 58 59 60 61 62 63 64 65 66 67 68 69 70 71 72 73 74 75 76 77 78 79 80 81 82 83 84 85 86 87 88 89 90 91 92 93 94 95 96 97 98 99 100
разместить 1 2 3 4 5 6 7 8 9 10 11 12 13 14 15 16 17 18 19 20 21 22 23 24 25 26 27 28 29 30 31 32 33 34 35 36 37 38 39 40 41 42 43 44 45 46 47 48 49 50 51 52 53 54 55 56 57 58 59 60 61 62 63 64 65 66 67 68 69 70 71 72 73 74 75 76 77 78 79 80 81 82 83 84 85 86 87 88 89 90 91 92 93 94 95 96 97 98 99 100
плакать 1 6 8 14 24 31 34 35 39 43 48 50 65 67 90
поблагодарить 1 2 3 4 5 6 7 8 9 10 11 12 13 14 15 16 17 18 19 20 21 22 23 24 25 26 27 28 29 30 31 32 33 34 35 36 37 38 39 40 41 42 43 44 45 46 47 48 49 50 51 52 53 54 55 56 57 58 59 60 61 62 63 64 65 66 67 68 69 70 71 72 73 74 75 76 77 78 79 80 81 82 83 84 85 86 87 88 89 90 91 92 93 94 95 96 97 98 99 100
маникюр 1
предоставляться 1 2 3 4 5 6 7 8 9 10 12 13 14 15 16 17 18 19 20 21 22 23 24 25 26 27 28 29 30 31 32 33 34 35 36 37 38 39 40 41 42 43 44 45 46 47 48 49 50 52 53 54 55 56 57 58 59 60 61 62 63 64 65 66 67 68 69 70 71 72 73 74 75 77 78 79 80 81 82 83 84 85 86 87 88 89 90 91 92 93 94 95 96 98 99 100
некоторый 1 2 3 4 5 6 7 8 9 10 12 13 14 15 16 17 18 19 20 21 22 23 24 25 26 27 28 29 30 31 32 33 34 35 36 37 38 39 40 41 42 43 44 45 46 47 48 49 50 52 53 54 55 56 57 58 59 60 61 62 63 64 65 66 67 68 69 70 71 72 73 74 75 77 78 79 80 81 82 83 84 85 86 87 88 89 90 91 92 93 94 95 96 98 99 100
замечание 1 2 3 4 5 6 7 8 9 10 11 12 13 14 15 16 17 18 19 20 21 22 23 24 25 26 27 28 29 30 31 32 33 34 35 36 37 38 39 40 41 42 43 44 45 46 47 48 49 50 51 52 53 54 55 56 57 58 59 60 61 62 63 64 65 66 67 68 69 70 71 72 73 74 75 76 77 78 79 80 81 82 83 84 85 86 87 88 89 90 91 92 93 94 95 96 97 98 99 100
прощать 1 16 23 43 72 90 96
лгать 1 44 59 78
обратный 1 2 3 4 5 6 7 8 9 10 11 12 13 14 15 16 17 18 19 20 21 22 23 24 25 26 27 28 29 30 31 32 33 34 35 36 37 38 39 40 41 42 43 44 45 46 47 48 49 50 51 52 53 54 55 56 57 58 59 60 61 62 63 64 65 66 67 68 69 70 71 72 73 74 75 76 77 78 79 80 81 82 83 84 85 86 87 88 89 90 91 92 93 94 95 96 97 98 99 100
копирование 1 2 3 4 5 6 7 8 9 10 11 12 13 14 15 16 17 18 19 20 21 22 23 24 25 26 27 28 29 30 31 32 33 34 35 36 37 38 39 40 41 42 43 44 45 46 47 48 49 50 51 52 53 54 55 56 57 58 59 60 61 62 63 64 65 66 67 68 69 70 71 72 73 74 75 76 77 78 79 80 81 82 83 84 85 86 87 88 89 90 91 92 93 94 95 96 97 98 99 100
парад 1 2 3 4 5 6 7 8 9 10 11 12 13 14 15 16 17 18 19 20 21 22 23 24 25 26 27 28 29 30 31 32 33 34 35 36 37 38 39 40 41 42 43 44 45 46 47 48 49 50 51 52 53 54 55 56 57 58 59 60 61 62 63 64 65 66 67 68 69 70 71 72 73 74 75 76 77 78 79 80 81 82 83 84 85 86 87 88 89 90 91 92 93 94 95 96 97 98 99 100
игра 1 2 3 4 5 6 7 8 9 10 11 12 13 14 15 16 17 18 19 20 21 22 23 24 25 26 27 28 29 30 31 32 33 34 35 36 37 38 39 40 41 42 43 44 45 46 47 48 49 50 51 52 53 54 55 56 57 58 59 60 61 62 63 64 65 66 67 68 69 70 71 72 73 74 75 76 77 78 79 80 81 82 83 84 85 86 87 88 89 90 91 92 93 94 95 96 97 98 99 100
любить 1 3 8 10 14 17 18 24 25 27 32 37 40 41 44 47 48 51 54 55 65 68 70 73 74 75 82 86 91 93 100
гореть 1 93
добавить 1 2 3 4 5 6 7 8 9 10 11 12 13 14 15 16 17 18 19 20 21 22 23 24 25 26 27 28 29 30 31 32 33 34 35 36 37 38 39 40 41 42 43 44 45 46 47 48 49 50 51 52 53 54 55 56 57 58 59 60 61 62 63 64 65 66 67 68 69 70 71 72 73 74 75 76 77 78 79 80 81 82 83 84 85 86 87 88 89 90 91 92 93 94 95 96 97 98 99 100
купить 1 8 67 75 90
правый 1 75
соглашение 1 2 3 4 5 6 7 8 9 10 11 12 13 14 15 16 17 18 19 20 21 22 23 24 25 26 27 28 29 30 31 32 33 34 35 36 37 38 39 40 41 42 43 44 45 46 47 48 49 50 51 52 53 54 55 56 57 58 59 60 61 62 63 64 65 66 67 68 69 70 71 72 73 74 75 76 77 78 79 80 81 82 83 84 85 86 87 88 89 90 91 92 93 94 95 96 97 98 99 100
отправить 1 2 3 4 5 6 7 8 9 10 11 12 13 14 15 16 17 18 19 20 21 22 23 24 25 26 27 28 29 30 31 32 33 34 35 36 37 38 39 40 41 42 43 44 45 46 47 48 49 50 51 52 53 54 55 56 57 58 59 60 61 62 63 64 65 66 67 68 69 70 71 72 73 74 75 76 77 78 79 80 81 82 83 84 85 86 87 88 89 90 91 92 93 94 95 96 97 98 99 100
партнёрский 1 2 3 4 5 6 7 8 9 10 11 12 13 14 15 16 17 18 19 20 21 22 23 24 25 26 27 28 29 30 31 32 33 34 35 36 37 38 39 40 41 42 43 44 45 46 47 48 49 50 51 52 53 54 55 56 57 58 59 60 61 62 63 64 65 66 67 68 69 70 71 72 73 74 75 76 77 78 79 80 81 82 83 84 85 86 87 88 89 90 91 92 93 94 95 96 97 98 99 100
страница 1 4 5 7 9 10 11 12 18 21 25 29 32 33 34 35 38 40 41 42 50 51 54 55 56 57 58 59 60 61 62 63 69 70 71 72 73 74 75 76 78 82 83 85 86 87 89 91 92 96 97 99
м 1 19
ошибка 1 2 3 4 5 6 7 8 9 10 11 12 13 14 15 16 17 18 19 20 21 22 23 24 25 26 27 28 29 30 31 32 33 34 35 36 37 38 39 40 41 42 43 44 45 46 47 48 49 50 51 52 53 54 55 56 57 58 59 60 61 62 63 64 65 66 67 68 69 70 71 72 73 74 75 76 77 78 79 80 81 82 83 84 85 86 87 88 89 90 91 92 93 94 95 96 97 98 99 100
представиться 1 2 3 4 5 6 7 8 9 10 11 12 13 14 15 16 17 18 19 20 21 22 23 24 25 26 27 28 29 30 31 32 33 34 35 36 37 38 39 40 41 42 43 44 45 46 47 48 49 50 51 52 53 54 55 56 57 58 59 60 61 62 63 64 65 66 67 68 69 70 71 72 73 74 75 76 77 78 79 80 81 82 83 84 85 86 87 88 89 90 91 92 93 94 95 96 97 98 99 100
поддержать 1 2 3 4 5 6 7 8 9 10 11 12 13 14 15 16 17 18 19 20 21 22 23 24 25 26 27 28 29 30 31 32 33 34 35 36 37 38 39 40 41 42 43 44 45 46 47 48 49 50 51 52 53 54 55 56 57 58 59 60 61 62 63 64 65 66 67 68 69 70 71 72 73 74 75 76 77 78 79 80 81 82 83 84 85 86 87 88 89 90 91 92 93 94 95 96 97 98 99 100
треклист 1 2 3 4 5 6 7 8 9 10 11 12 13 14 15 16 17 18 19 20 21 22 23 24 25 26 27 28 29 30 31 32 33 34 35 36 37 38 39 40 41 42 43 44 45 46 47 48 49 50 51 52 53 54 55 56 57 58 59 60 61 62 63 64 65 66 67 68 69 70 71 72 73 74 75 76 77 78 79 80 81 82 83 84 85 86 87 88 89 90 91 92 93 94 95 96 97 98 99 100
любимый 1 2 3 4 5 6 7 8 9 10 11 12 13 14 15 16 17 18 19 20 21 22 23 24 25 26 27 28 29 30 31 32 33 34 35 36 37 38 39 40 41 42 43 44 45 46 47 48 49 50 51 52 53 54 55 56 57 58 59 60 61 62 63 64 65 66 67 68 69 70 71 72 73 74 75 76 77 78 79 80 81 82 83 84 85 86 87 88 89 90 91 92 93 94 95 96 97 98 99 100
пользовательский 1 2 3 4 5 6 7 8 9 10 11 12 13 14 15 16 17 18 19 20 21 22 23 24 25 26 27 28 29 30 31 32 33 34 35 36 37 38 39 40 41 42 43 44 45 46 47 48 49 50 51 52 53 54 55 56 57 58 59 60 61 62 63 64 65 66 67 68 69 70 71 72 73 74 75 76 77 78 79 80 81 82 83 84 85 86 87 88 89 90 91 92 93 94 95 96 97 98 99 100
социальный 1 2 3 4 5 6 7 8 9 10 11 12 13 14 15 16 17 18 19 20 21 22 23 24 25 26 27 28 29 30 31 32 33 34 35 36 37 38 39 40 41 42 43 44 45 46 47 48 49 50 51 52 53 54 55 56 57 58 59 60 61 62 63 64 65 66 67 68 69 70 71 72 73 74 75 76 77 78 79 80 81 82 83 84 85 86 87 88 89 90 91 92 93 94 95 96 97 98 99 100
дом 1 8 9 17 32 43 57 67 71 79 86 91
начало 1 8 13 47 53
сообщить 1 2 3 4 5 6 7 8 9 10 11 12 13 14 15 16 17 18 19 20 21 22 23 24 25 26 27 28 29 30 31 32 33 34 35 36 37 38 39 40 41 42 43 44 45 46 47 48 49 50 51 52 53 54 55 56 57 58 59 60 61 62 63 64 65 66 67 68 69 70 71 72 73 74 75 76 77 78 79 80 81 82 83 84 85 86 87 88 89 90 91 92 93 94 95 96 97 98 99 100
мы 1 2 3 4 5 6 7 8 9 10 11 12 13 14 15 16 17 18 19 20 21 22 23 24 25 26 27 28 29 30 31 32 33 34 35 36 37 38 39 40 41 42 43 44 45 46 47 48 49 50 51 52 53 54 55 56 57 58 59 60 61 62 63 64 65 66 67 68 69 70 71 72 73 74 75 76 77 78 79 80 81 82 83 84 85 86 87 88 89 90 91 92 93 94 95 96 97 98 99 100
вишнёвый 1
согласовывать 1 2 3 4 5 6 7 8 9 10 11 12 13 14 15 16 17 18 19 20 21 22 23 24 25 26 27 28 29 30 31 32 33 34 35 36 37 38 39 40 41 42 43 44 45 46 47 48 49 50 51 52 53 54 55 56 57 58 59 60 61 62 63 64 65 66 67 68 69 70 71 72 73 74 75 76 77 78 79 80 81 82 83 84 85 86 87 88 89 90 91 92 93 94 95 96 97 98 99 100
написать 1 13 26 47 58 61 81 85
сожаление 1 19
реклама 1 2 3 4 5 6 7 8 9 10 11 12 13 14 15 16 17 18 19 20 21 22 23 24 25 26 27 28 29 30 31 32 33 34 35 36 37 38 39 40 41 42 43 44 45 46 47 48 49 50 51 52 53 54 55 56 57 58 59 60 61 62 63 64 65 66 67 68 69 70 71 72 73 74 75 76 77 78 79 80 81 82 83 84 85 86 87 88 89 90 91 92 93 94 95 96 97 98 99 100
мечта 1 32 42 71
цвет 1 34
угадать 1 2 3 4 5 6 7 8 9 10 11 12 13 14 15 16 17 18 19 20 21 22 23 24 25 26 27 28 29 30 31 32 33 34 35 36 37 38 39 40 41 42 43 44 45 46 47 48 49 50 51 52 53 54 55 56 57 58 59 60 61 62 63 64 65 66 67 68 69 70 71 72 73 74 75 76 77 78 79 80 81 82 83 84 85 86 87 88 89 90 91 92 93 94 95 96 97 98 99 100
сделать 1 8 11 17 39 42 46 47 50 54 57 59 60 64 66 67 73 77 80 87 90
программа 1 2 3 4 5 6 7 8 9 10 11 12 13 14 15 16 17 18 19 20 21 22 23 24 25 26 27 28 29 30 31 32 33 34 35 36 37 38 39 40 41 42 43 44 45 46 47 48 49 50 51 52 53 54 55 56 57 58 59 60 61 62 63 64 65 66 67 68 69 70 71 72 73 74 75 76 77 78 79 80 81 82 83 84 85 86 87 88 89 90 91 92 93 94 95 96 97 98 99 100
сказать 1 6 8 12 16 20 21 26 27 37 41 44 48 50 54 55 58 64 65 66 71 74 75 76 79 84 86 90
иметься 2 75 93
ночь 2 7 8 10 15 20 22 24 25 26 31 33 42 58 72 75 77 78 80 81 85 89 90 98
мечтать 2 84 86
час 2 22 41 43 85
блестеть 2 60 66
гитара 2
гватемала 2
скорее 2
ля 2
авторство 2 49
никарагуа 2
кожа 2 77
нравиться 2 3 8 15 20 25 42 66 86 93
мотоцикл 2
готовить 2 43
эль 2
сальвадор 2
каштан 2
манагуа 2
мулатка 2
соблазнять 2
колумбийка 2
золото 2 57 59 66 100
неизвестный 2 49
ещё 2 10 21 27 34 37 43 50 81 85
корица 2
который 2 7 8 11 18 20 24 25 26 29 30 32 34 39 44 47 50 51 53 54 59 63 65 66 71 74 79 84 85 86 87 89 90 91 93 98
путешествовать 2 84
сердце 2 6 8 9 10 11 14 15 24 25 26 35 36 41 46 50 54 57 68 69 71 74 77 81 83 85 88
возвращаться 2 22 31 39 58 60 65
волос 2 38 43 46 50 68 82 94
смуглый 2
потерянный 2 72 89
маласанья 2
вчера 2 5 6 12 13 16 17 18 20 23 27 28 31 33 34 36 40 43 44 46 50 58 62 66 67 71 72 74 75 76 79 83 86 87 88 95 100
девушка 2 35 39 43 47 71 74 79
регги 2
самолёт 2 39
также 2 10 16 23 26 35 49 60 61 62 74 81 87
море 2 12 50 54 56 92
ветер 2 25 26 74
присутствовать 2 17
рождение 2 5 6 12 13 14 16 17 18 20 21 23 27 31 33 34 36 40 41 43 44 46 49 50 58 62 66 69 71 72 74 75 76 78 79 83 86 87 88 95 100
определённый 2 26
знать 2 3 7 8 9 10 14 15 18 24 25 27 28 31 34 38 39 40 41 42 44 45 46 47 48 49 50 51 56 60 62 63 64 69 71 72 73 75 77 78 81 82 86 88 89 99
корунья 2
шататься 2
фр 2
огонь 2 14 15 38 50 57 79 86 91 93
приёмник 2
либо 2 8 21 51
соседка 2 39
сан 2 55
быть 2 4 6 10 11 12 17 19 21 24 25 28 31 32 34 39 41 44 46 47 48 50 53 57 59 60 62 67 69 71 73 76 79 86 92 96 99
каштановый 2
утро 2 85
бежать 2 30 34 38 43
марихуана 2
гора 2 6 16 23 57
пьянка 2
оставаться 2 14 96
ужин 2 38 41 54
гавана 2
попойка 2
часы 2 53 72 89 95
дождь 2 25 26 49 60 83 90
всё 2 11 12 18 27 39 40 41 42 43 46 51 53 59 60 62 66 72 73 74 75 76 79 85 89 96 97
кокаин 2
делать 2 5 7 11 22 28 42 44 46 48 49 51 53 59 60 73 74 78 86
куба 2
событие 2 5 6 12 13 14 16 17 18 20 21 23 26 27 31 33 34 36 40 41 43 44 46 49 50 58 62 66 69 71 72 74 75 76 78 79 83 86 87 88 95 100
подразумеваться 2
вид 2 42 49 73 75 93
указать 2 11 49 51 76 97
день 2 4 5 6 8 11 12 13 14 15 16 17 18 20 21 23 26 27 28 31 33 34 36 38 40 41 42 43 44 46 47 49 50 58 61 62 64 66 69 71 72 74 75 76 78 79 83 86 87 88 91 95 98 99 100
строчка 3
укусить 3
грязный 3 7 36
прикоснуться 3 59
длинный 3
он 3 34 61 85
внутрь 3
проникнуть 3
обращаться 3 8
скользь 3
отсылка 3 39 50
горячий 3 14 68 93
видеть 3 8 10 11 19 32 34 41 42 44 48 51 52 56 57 58 63 69 71 74 78 82 89 90 91 95
сильный 3 8 39 53 71 75 93
кончить 3
сучка 3 40
ты 3 6 7 8 9 11 12 14 15 18 20 22 24 25 27 31 32 35 38 39 40 43 44 46 48 51 55 56 57 58 60 63 64 67 68 69 71 74 75 79 81 82 84 86 87 89 90 91 95 96 98
ким 3 7
я 3 11 17 19 28 41 44 46 55 58 59 64 71 74 78 82 91 92 98
быстрый 3 38
трахаться 3
скрыть 3 68
маленький 3 8 21 22 32 35 38 43 98
давать 3 4 5 7 17 18 21 26 27 40 41 42 46 57 58 59 72 94
толща 3
альбом 3 10 17 58 85 98
это 3 4 5 7 8 9 11 14 15 17 19 20 21 22 25 26 27 28 31 33 37 38 40 41 42 43 44 45 46 47 48 49 50 51 55 59 60 64 66 69 71 73 74 75 76 77 78 79 80 81 82 85 86 88 89 90 91 93 94 97 99 100
прокатиться 3
волноваться 3 28 89
ага 3
шлюха 3
жёстко 3
оседлать 3
тело 3 21 32 46 76 86
семь 4 13 33 47 80 99
работать 4 8 38 80
идти 4 11 22 38 43 46 47 50 57 64 69 70 71 76 99
держаться 4 47 99
постичь 4
дело 4 17 22 41 46 47 78
разочарование 4 39 47
одиночка 4 47 84 96 99
подряд 4 47
браться 4 47
бороться 4 21 26 47 78
лидер 4 5 10 13 14 16 23 24 26 32 33 41 43 46 50 54 57 61 66 69 71 75 77 81 88 91 98
жажда 4 47 99
закон 4
хватить 4 47 55 83 99
должный 4 7 8 9 13 25 34 38 43 46 65 77 78 80 91 94 99
вместе 4 6 8 14 19 31 43 45 47 48 57 59 69 85 89 90 99
никто 4 21 22 34 42 47 48 51 62 75 82 94 99
бочка 4 47 99
тяжёлый 4 13
пить 4 8 42 47 99
трудиться 4 47
страна 4 26 50
труд 4
один 4 20 26 28 34 37 43 48 50 55 57 58 59 65 73 75 77 81 89 94 96 99
вкатывать 4
случай 5 64 84
слишком 5 8 13 15 20 24 32 44 59 62 84 90 91
откровенный 5
чистый 5 12 85 88
откроить 5
стихотворный 5 13 26 27 32 44 46 49 57 69 81 85 87 88 98
добро 5 21 42 50 77 84 87
небольшой 5 78
громко 5 13 35 51 97
такой 5 7 14 22 39 40 41 43 44 50 55 58 64 73 77 82 84 90 91 98 100
деньга 5 6 7 8 43 59 66 67
сваливать 5
совесть 5 73
драгоценность 5
сердиться 5
невшатель 5
забыть 5 8 18 25 26 27 46 49 64 75 82 100
полина 5
гранд 5
свобода 5 16
персонал 5
эйфелев 5
папалапапап 5
шаблонный 5
эквиритмический 5 16 46 47 57 63 69 71 85 87
слышать 5 7 28 52 57 85 86 90
лицемерие 5
дать 5 6 7 8 12 14 46 50 59 64 66 73 81 89 94
лимузин 5
радость 5 25 87
есть 5
кирилл 5
ритц 5
шанель 5 86
тюрнина 5
любовь 5 6 7 9 10 14 15 18 20 24 25 26 39 43 46 48 49 50 51 54 55 57 59 62 64 65 70 71 73 82 91 92 98 100
замок 5 50 93
надоесть 5 66
настроение 5 61
открыть 5 10 54
манера 5
ваш 5 52 97
пожаловать 5 21 42 77
извинить 5
екатеринбург 5
умереть 5 6 34 37 48 56 84 85 90 94
любой 5 57 64 82
башня 5
люкс 5
подарить 5 8 50 58
реальность 5
номер 5 25 69
осчастливить 5
конченый 5 44 53
стереотип 5
отель 5
посмотреть 5 44 57 78
речь 5 6
алай 5
логин 5
хотеться 5 7 8 14 20 24 32 59 62 68 86 90 91
клюев 5
алла 5
отсюда 5 55 77
литературный 5 13 26 27 32 44 46 49 57 69 81 85 87 88 98
говорить 5 7 8 18 20 22 25 28 38 41 43 44 48 51 59 64 65 66 72 75 78 85 86 90 95
вариант 5 6 10 13 14 17 26 27 32 35 44 46 47 49 54 57 63 67 69 71 77 82 85 87 88 91 98
уйти 6 8 10 12 22 28 48 73 84 92
гага 6
мэри 6 19 85
ждать 6 13 38 41 43 66 89 91
король 6 32 93
испытать 6
простить 6 32 39 53 58 89
ра 6
распинать 6
поднять 6 27
кровавый 6 19
тот 6 15 22 26 32 43 49 51 59 71 79 86 90 98
прийти 6 10 29 38 64 70 84 85 90 91
микеланджело 6
бояться 6 8 10 13 20 50 75
холодный 6 31 54 66 75
убить 6 29 48
сотворить 6
творение 6
освободиться 6 39
разъярённый 6
резец 6
дар 6
готовый 6 79
танцевать 6 12 21 26 32 37 42 71 82 97
увидеть 6 8 16 34 46 50 56 66 71 85
иисус 6 59
переписать 6
одиночество 6 9 96
престол 6
история 6 54 57 59 73 85 87 89
вершина 6 19 65
просто 6 7 8 18 20 21 22 24 27 28 31 34 39 42 48 49 57 59 60 62 63 64 68 70 71 75 85 86 90
пилат 6
голова 6 11 34 59 86
леди 6 8 82
вещь 6 8 18 38 59
ого 6
камень 6 59 77
париж 6 26 88
понтия 6
религия 6
узнать 7 19 48 49 66 84 93
лезть 7
выгнать 7 43
нечестивый 7
смит 7
устраивать 7
кой 7 46
упаковать 7 8
ребёнок 7 26 34 43 44 50 65 71 79 80 98
баленсиаг 7
человек 7 9 26 39 49 50 59 62 63 74 76 78 84 85
диван 7
одеяло 7
звонить 7 51
папочка 7 8
весь 7 8 11 17 19 26 37 48 50 52 57 60 69 78 79 86 90
расстёгивать 7
посреди 7
хрень 7
дрочить 7
шептать 7 72
побывать 7
бордель 7
мальчик 7 34
след 7 44
потрахаться 7
тратить 7 63
ома 7
заместить 7
откинуться 7
прикроить 7
смотреть 7 8 32 34 41 49 51 57 72 73 78 79 83 86 93
исполнение 7 10 16 23 39 46 49 58 61 66 77 79 81 82 87
о 7 27 48 57 86
родео 7
петрас 7
сэм 7
замуж 7
везучий 7
дарить 7 51
возбуждаться 7
восседать 7
драма 7
адресок 7
нужно 7 15 18 31 34 43 46 47 62 66 74 77 80 89
прада 7
фенди 7
мамочка 7 8 44
постоянно 7 8 22 40 48 59 80 90
штаны 7
рианна 7
место 7 9 37 40 42 46 58 60 66 72 77
девчонка 7 60 86
грэмми 7 46 57 58 69
мм 7
оба 8 9 45
доставать 8
девочка 8 32 34 35 48 71 79 98
телевизор 8
правда 8 19 28 48 50 74 80
улыбка 8 32 37 41 50 51 54 58
разъезд 8
озадачить 8
именно 8
начинаться 8 26 87
подарок 8
гордиться 8
птичка 8
сломать 8 11
мама 8 75 85 94
быстро 8 19
стать 8 12 15 27 41 42 43 49 54 56 58 65 72 81
новар 8
папа 8 38 43 75 78
сей 8 98
вокруг 8 35 55
железный 8
каждый 8 10 25 28 50 51 52 57 61 63 74 79 86 96
сестра 8
переехать 8 55
помнить 8 43 75
рядом 8 10 32 44 46 62 74 75 82 85 92
пересмешник 8
фотография 8 90
поле 8 43 45
произойти 8 96
случаться 8 48
показывать 8 43
вращаться 8
обещать 8
дядя 8
почему 8 20 21 36 43 51 54 63 73 76 88
жаль 8
стрелять 8
работа 8 43 80
шея 8 46 60
звучать 8 13 31 87
сон 8 10 58 59 70 85 92
еда 8 53 59 93
хватать 8 49
карат 8
сжать 8 11 75
малышка 8 48
ощутить 8 56 69 93
ёлка 8
ограбить 8
чалмерс 8
спеть 8 24 96
тихий 8 68
казаться 8 11 22 41 49 55 59 75
обнять 8 27 55 92
ложиться 8 13
бесполезный 8
выпрямиться 8
мир 8 13 26 43 44 45 47 50 55 59 60 66 69 80 83 84 100
попросить 8 46 50 91
копилка 8
детский 8 80 97
никакой 8 55 59 74 83 90 99
забавно 8
путаться 8
бриллиантовый 8
плохо 8
очень 8 44 63 78 88
уехать 8 50 64
восторг 8 56 59
прийтись 8 79
продавец 8
губка 8
калифония 8
надолго 8
глаз 8 9 13 21 34 36 41 46 48 49 51 56 58 59 71 81 82 90
банк 8 43 59
год 8 10 27 45 46 47 58 61 66 77 79 81 85 91 97
рушиться 8
детство 8
тихо 8 46 95
эй 8 37 53 58 66 79
миля 8 69
внутри 8 50 54 93
кошмар 8 50
привезти 8 45
вырасти 8 50 65
переживание 8
лэйня 8
засыпать 8 92
пойти 8 11 43 58 63 66 95
понятный 8
шутить 8 83
угодный 8 28
стараться 8 26
глубина 8
оказаться 8 40 68 89
другой 8 10 11 24 32 49 51 53 59 76 86 90 91 97 98
грустить 8
сумасшедший 8 25
грабить 8
кружиться 8 89
пытаться 8 20 22 28 46 48 63 73 90
справиться 8 57 99
хэйль 8
встретить 8 57
заставить 8 67
запутывать 8
рождественский 8
круто 8 59
порядок 8 18 39 75 83
колыбельный 8 72
колледж 8
планировать 8
доктор 8
традиционный 8 17
дре 8
солдатик 8 80
задеть 8
чувствовать 8 10 18 24 26 41 48 50 52 59 62 64 75 85 89
лишь 8 10 22 24 39 42 44 50 58 60 65 70 77 85 91 96
однокомнатный 8
ругаться 8
завести 8
защитить 8
судьба 8 21 58 73
вау 8
сложиться 8
тысяча 8 35 41 72 75
копить 8
улыбаться 8 41 90
безумно 8 73
зависеть 8
вытереть 8
душа 8 18 27 50 55 57 83 84 96
рождество 8 91 97
молитва 8
представить 8 10 16 23 49 61 81 87
накопить 8
диск 8
улица 8 22 53
пора 8 15 22 43 61 76 90 98
петь 8 50 58 95 97
доллар 8 63
смеяться 8 51 59 98 100
пустой 8 22 59 95
кольцо 8
сторона 8 39 60
полагать 8
вернуться 8 12 31 39 43 70
многое 8 62
скучать 8 34 48 51 89
жизнь 8 10 18 25 26 30 41 43 44 47 49 50 53 56 59 63 73 75 78 85 87 96 98 99
подросток 8
назад 8 27 91
жить 8 10 30 35 40 49 53 59 64 66 73 74 78 84 94 95 100
понять 8 9 24 27 39 46 50 59 76 78 79
ювелирный 8
два 8 34 39
остановиться 8 41 68
перекатить 8
ха 8 37
время 8 13 17 21 27 28 37 40 43 44 46 48 50 58 61 65 70 72 77 83 84 85 90 91 92 96 98
новостной 8
название 8 13 57 58 69 81 96
съесть 8
разбить 8 18
плохой 8 17 19 39 40 42 44 86
проснуться 8 16 23
сидеть 8 34 63 86 91
положить 8 86
квартира 8
вспоминать 8 46
слёзка 8
сиять 8 22 37 56 72 82
взламывать 8
оцепенение 8
дорогой 9 43 71
зажечь 9
совершать 9
маска 9
скрытый 9
большой 9 43 45 47 65 74 80
воздействие 9
сомнение 9 73 83
хранить 9 17 68 71
мудрый 9 27 85
луна 9 88 91
зачаровать 9
преследовать 9 76
воспоминание 9 54 70 87 90 98
вернуть 9
свет 9 13 21 22 55 56 66 79 80 92
сила 9 15 34 56 63 94
чуточку 9 26
полный 9 39 56 96
умирать 9 74 96 100
подчинять 9
её 9 13 17 20 34 39 40 46 50 62 70 81 83 94 95 96
двигаться 9
исход 9
этот 10 16 23 35 39 43 46 49 50 51 61 63 71 73 81 87 89 91 98
путь 10 11 26 30 31 50 76 89 96
версия 10 17 46 47 64 81
биться 10 41 65 99
дверь 10 39 43 50 57 60 76 90
номинация 10 46 58
удержаться 10
длиться 10 96
живой 10 56 58 77
оскар 10 69
язык 10 17 29 47 81 96 98
премия 10 58 69
титаник 10
однажды 10 50 66 71 77 78
фильм 10 58 61 69 87
исполнять 10 47
пространство 10 83
коснуться 10
верить 10 52 58 71 90
продолжать 10 11 42 53 60
остаться 10 12 20 41 48 57 58 73 76 77 79 90
расстояние 10 48
показать 10 39 46 66 78 89
лауреат 10
музыка 10 20 39 58 85
навсегда 10 48 77 87
далеко 10 81 84
наступить 11 55
левый 11 80
страдать 11 39
нога 11 45 58 69 74
ступить 11
формат 11 51 76 97
загрузить 11 51 76 97
хххххха 11 51 76 97
захотеть 11 14 19 20 28
верно 11 51 76 80 97
ох 11 31 77
вперёд 11 42 45 50 66
видео 11 46 51 76 97
пользователь 11
секунда 11 25 51 76 95 97
ступня 11
схватить 11
несколько 11 26 51 76 97
думать 11 12 22 25 30 34 35 36 39 42 43 44 46 48 53 57 59 61 68 71 74 77 78 86 90 91
перезагрузиться 11 51 76 97
вертеться 11
свободный 11 39
найти 11 30 38 48 51 53 56 57 71 76 77 90 97
ссылка 11 51 76 97
выбор 11 56
анонимный 11
кто 11 21 28 36 41 43 45 49 57 62 71 79 81 82 90
страшный 11
болеть 11
стоить 11 21 39 46 48 57 59 60 65 66 73 75
новый 11 25 39 42 51 53 75 76 97
спасибо 11 43 44 45 51 76 80 97
сражаться 12 15 99
пройти 12 16 28 43 70 89 90 96
пасть 12 16
начать 12 20 44 46 59 66 85
вступить 12
платье 12 35 60 71 82
неважно 12 26
снова 12 25 26 40 43 45 62 80 90 97
открытый 12 21 57
равно 12 24 28 59 62 64 87
покой 12 52
страх 12 31 59 64 77 83
битва 12
станцевать 12 84
шанс 12 64 85
прямо 12 21
присмотреть 12
буря 12 55
баржа 12
надеть 12
рай 12 43 86
мысль 12 14 54 72 77
небо 12 13 26 27 56 65 69 72
позволить 12 21 46 48 53 65 68 73 90
ринг 13
первоначальный 13
украинский 13
вырываться 13
шесть 13 33 80
яркий 13
самый 13 18 25 41 66 79 85
упасть 13 75
жар 13 93
четыре 13 33 80
кличко 13
светить 13 85 94
однако 13 15
девять 13
отказаться 13 73
раммштайна 13 14 17 52 94 95 96
обжечь 13
солнце 13 43 50 60 80 91 94 96
боль 13 24 26 34 39 48 50 59 73 83 93
кулак 13
нокдаун 13
восходить 13
считать 13 50 95
десять 13 69
ночью 13 43 48 51 56 94
пять 13 33 58 80
жёсткий 13 60
звезда 13 37 43 55 60 66 89
боксёр 13 74
выход 13 67 77
зайти 13
грудь 13 65 94
посылать 13
лицо 13 17 21 42 50 79
бой 13 16 23 71
восемь 13 33 80
ослепить 13 82
теряться 13 51
виталий 13
конец 13 21 27 47 50 55 69 72 90 96
оно 13 26 40 54 57 69 72 91
сегодня 13 14 16 21 23 36 37 41 46 48 49 64 69 71 76 78 82 87 90 94 97
равновесие 13
причинять 13 59
посчитать 13
довольно 14 22 75
единый 14 56
превосходящий 14
удивлять 14
молодой 14 65
падать 14 27 55 66 75 91
ледяной 14
сверхчеловек 14
германия 14 80
проклятие 14
утомлённый 14
ненавидеть 14 17 27 40 48 73
чрезмерный 14
могущественный 14
покинуть 14 78
взбираться 14
холодное 14 31
проклинать 14
старое 14
брать 14 43 50 86
выше 14 55 59
разрозненный 14
передавать 14
больной 14
достаточно 14 90
нарыдаться 14
высокомерный 14
благословение 14
пылать 14 43
никак 14 77
долго 14 38 99
пламенный 14
нападать 14
дыхание 14 69 82
превыше 14
излечение 15
печальный 15
худой 15
лекарство 15
нуждаться 15
следовать 15
уметь 15 55 98
взять 15 16 20 23 50 67 69 71 99
нужный 15 18 34 39 40 43 46 49 58 62 87 92
противоречие 15
существо 15 26
нерв 15
поглощать 15
зиновьев 15
беспокоиться 15 79
великий 15 58 84
обвинить 15
лжец 15 86
аврора 15
играть 15 19 43 57 83 93
бег 15 26
учитель 15
обхватить 15
помощь 15 28 34
бог 15 29 59 62 74 80
варя 15
просить 15 18 28 41 43 60 62
заблуждение 15
создать 15 34 40 49 55
друг 15 17 37 51 55 57 58 72 73 75 88 90 91
природа 15
больно 15 34 59 75 95
масло 15
проявиться 15
храбро 16
красотка 16 23 44 58
чуять 16 23
окно 16 22 23 25 55 62 65 74
похоронить 16 23 76
смерть 16 17 23 25 41 67 83 96
павел 16 23 27
прохожий 16
красивый 16 24 34 44 63 88 98
память 16
враг 16 21 23
утром 16 23 34 74 76
коль 16 23
партизан 16 23
суждено 16 23
близкий 16 20 23 55 73 81 89
сень 16 23
высоко 16 23 31 59 80
увидать 16 23
погибнуть 16 23
спросить 17 66 89
родовой 17
конкретно 17
группа 17 47
многие 17 40 60 82
глагол 17
существительное 17
нетрадиционный 17
владеть 17
заглавный 17
подвергать 17
строка 17
отличие 17
определить 17 48
разлучить 17
учитывать 17
б 17 49 54 99
поэтому 17 24 39 42 62 67 90
уверенность 17
священник 17
абсолютный 17
припев 17
вопрос 17 89
второй 17 31
судить 17 66
состоять 17
конструкция 17
некорректно 17
созвучный 17
напечатать 17
неоднозначность 17
вагин 17
употребление 17
тема 17
буклет 17
обладать 17
наиболее 17 81
аналогично 17
критика 17
возможно 17 55 76 79
буква 17
большинство 17
ничто 17 50
различный 17
верность 17
мужской 17 58
отличить 17
венчание 17
полностью 17
п 17
задавать 17
ед 17
оправдать 17
число 17 81
русский 17 81 96
женщина 17 20 37 39 54 65 71 74 91
конъюнктив 17
исключительно 17
ради 17 27 34 61 73 74 79 84 99
герой 17
вагиноуподобление 17
окончание 17
мужчина 17 20 32 41 44 71 74 76
иметь 17 47 57 95
дружба 17
отсутствовать 17
ответить 17 22 28 49 70
дурак 18 19 30
собрать 18 46 90
громкий 18 40
предаваться 18
надеяться 18 34 58 71 77 91
юз 18 21 29 34 59
стареть 18
чувство 18 25 26 43 46 48 55 57 72 73 82 89
внести 18
отпустить 18 19 71 73 78
решить 18 28 32 53
жестокий 18
любовник 18
удержать 18 92
эгоистичный 18
поступок 18
мешать 18
порок 18
прошлый 18 24 28 87 90
исследовать 19
синяк 19
взлетать 19 26 59
мария 19 87
заплатить 19 26 57
сквозь 19 70 85
город 19 29 42 45 50 67 75
очередной 19 39 53 69
гламур 19
красота 19 46 58
рок 19 20 58 60 66
мчаться 19
искать 19 31 46 57 76
кроме 19 26
щекотать 19
блюз 19
проспект 19
пугать 19 21 60
слава 19
изнутри 19 66
правило 19
крест 19
ночной 19 65
получить 19 42 47 59 69
взлететь 19
сбежать 19 31 67
причина 19 20 48 90 98
святой 19 61
спускаться 19
счёт 19 39 44 86
глупый 20 41 75 98
разрешить 20
пьяный 20 40 88 90
закончиться 20 25 53 91
сесть 20 76 79
спальня 20
поцеловаться 20 36
совершенно 20
тошнить 20
любовный 20 61 87
поцеловать 20 24 36 62
перезапустить 20
захотеться 20
предложить 20
продать 20 57 67
парень 20 41 47
голос 20 24 52 89
целовать 20 46 81
сгореть 20
сколько 20 26 46 47
немного 20 26 39 50 66 75 98
переключиться 20
сигарета 20 22 38
колумбийский 20 23 27 36 62
слушать 20 71 90
исполнитель 20 23 27 36 47 50 62
потащить 20
приятный 20
водить 20
поцелуй 20 22 25 46 62 71 81 94 96
продюсер 20 23 27 36 62
милый 20 65 67 71 79
темнота 21 57 71 73 89
нарушить 21 52
линия 21
вырыть 21
раб 21
господство 21
вкус 21 22 43 46
проплакать 21
попрощаться 21 44
попробовать 21 42 46
заявка 21
схватка 21
победоносно 21
дизайн 21 59
качать 21
комбинация 21
приглашение 21 74
народ 21 84
пошалить 21
смочь 21 34 59 65 73 75 79 90
смертельный 21
борьба 21
интерпретация 21
вольный 21
положение 21
навредить 21 59
мёртвый 21 75
объяснение 21
выжить 21
классический 21 93
трата 21
сложный 21 41 79
недооценивать 21 57
могила 21
отчаянный 21
вырубить 21
покойник 21
начинать 21 66 87 90
спуститься 21
звать 22 35 39 45 46 59 70 75
бывать 22 41 50 85 98
тьма 22
дополнять 22
курить 22 43
закурить 22 27
интересно 22
полтора 22
двенадцать 22
бросать 22
бросить 22 43
ярко 22 56 82 85
темно 22
выбрасывать 22
уснуть 22 69 72
анджелес 22
бедный 22
мелодраматичный 22
находить 22 50 65 79
желать 22 39 94
футболка 22
спектакль 22
почувствовать 22 37 56 77
зуб 22
поносить 22
представление 22
лидди 22
надоедать 22 78
чистить 22
лунный 22 56
губа 22 36 46 89
билборд 22
меняться 22 66 74
исчезать 22 54
запах 22 35 90 93
лос 22
настоящий 22 35 54 59 66 98
магомаев 23
муслим 23
избранный 23 80
причинить 24 39 73
устать 24 78 79
ленточка 24
воспользоваться 24
драться 24
побеждать 24 80
проиграть 24
истратить 24
делить 24 57 71
забрать 24 48
грубый 24
приносить 24 34 65 72
весна 24 55 65 87
ломать 24 60 66
исчерпать 24
слеза 24 57 72 94
расцвести 24
чертовски 24
влюбиться 24 37 51 71
холодно 24 50 68 86
нарцисс 24
научиться 24
скоро 25 27
ум 25 37 38 55 75 86
телефон 25
гроза 25
сходить 25
подобно 25 31
порыв 25
разбитый 25 85
умный 25
скоротечный 25
околдовать 25
первый 25 41 56 65 98
мираж 25
восстановиться 25
молния 25
удалить 25
грохотать 25
обмануть 25
значит 26 86
приходить 26 38 39 54
странно 26 41 59
разный 26 59 63 79 81
перевернуть 26 41 60
знаменитый 26 63
родитель 26 69
франция 26 45 47
мёд 26
шум 26 37
сдаваться 26 27
якобы 26
керь 26
страдание 26
надежда 26 49 72 98
часто 26 82 98
означать 26 39 73
что 26 48 64 73 87
относиться 26
метро 26
бессмысленный 26 83
нежный 26 35 69 98
последний 26 44 59 65 81 83 95 96
приехать 26
убежать 26 31
созвучно 26 39
вести 26 34 59 65 71
кожевник 26
сладкое 26 65 84
рэппер 26
упоминание 26
обида 26 39
лететь 26 55 74
неудобно 26
страшно 26 31 41 48
огромный 26
сладкий 26
василий 26
значение 26 39 93
появиться 26 98
вынудить 26
заново 26
бродить 26 49
безмерный 26
джеймс 26
гражданин 26 80
начаться 26 69
воля 26
называть 26 44 47
отсутствие 26
препятствовать 26
объясняться 26
украшение 26
ситуация 26 90
ничтожный 26
идентификация 26
очередь 26
послушать 26 39 78
сверкать 26
менее 26
старший 27 43
избавиться 27 40
потерять 27 50 79
простой 27 86
тосковать 27
уловка 27
бокал 27
колесников 27
раскусить 27
породить 27
попасть 27
выпить 27
неужели 27 34 70
выходить 27 48 88
ожидание 27
нектар 27
передряга 27
обмануться 27
тлеть 27
столько 27 79
груз 27
уголёк 27
перестать 28 78 90
побыть 28 92
особенный 28 34 59
дозвониться 28
проблема 28 78
ревновать 28
спрашивать 28 35 61
плевать 28 42 74
ранить 28
самостоятельно 28
решать 28
лай 29
давид 29
царь 29
разрушить 29 62
увенчать 29
нести 29
лей 29
оружие 29
елей 29
чей 29 49
лоб 29 94
сын 29
могучий 29
оу 29 39 60 93
меч 29 50
правитель 29
поэт 29
помазать 29
основание 29
шип 29
солдат 29 32 50
кобяка 30
потеря 30 49
зря 30
принять 30 64 78
истина 30
инна 30
пропадать 30
цель 30 39 80
прятаться 30 66
существовать 30 32 81
таки 31
возлюбить 31 90
домой 31 38 45 51 58 65 77 89
сезон 31
одинаково 31
обратно 31 39 65
истекать 31
земля 31 34 59 69 76 95 98
растворить 31
призрак 31 72
сериал 31
кровь 31 32 37 93 94
охотник 31
анна 31 55
мост 31 88
телевизионный 31
пусть 31 36 48 59 69 79 85
сжигать 31
вознести 31 92
донцов 31
скрываться 31
постель 31 53
известно 31
останки 31
сумеречный 31
восемнадцатый 31
облако 31 83
американский 31 42
серия 31
война 32 83
сосуществовать 32
посуда 32
украсть 32
мирно 32
требовать 32
каменный 32
юлия 32
кинозвезда 32 42
секрет 32 68 71 93 98
наверное 32 44
брат 32 47
мать 32 85 94
фабиан 32
способ 32
допустить 32
сильно 32 71 74
доверить 32
тишина 32 91
становиться 32 47 60 66 75
помочь 32 57
общий 32 43 47
битьё 32
действительно 32 43 74
разумеется 32
защищать 32 45
волк 32
кричать 32 37 46 78
хранитель 32
являться 32 47 69
безумец 32
окружать 32
лара 32
тайный 32
кончиться 32
тепло 32 56
защита 32 69
горький 32 54
расстаться 32 41
сатана 32 76
оиа 32
случиться 33 39
олег 33 35 54 63 78
спокойный 33 45 89
лобачев 33 35 63 78
полиция 33
старый 33 37 76 98
гренадер 33
ведьма 33 40
выжать 34
выбраться 34 77
пробка 34
хулиган 34
стоять 34
мозг 34 39 59
джульетта 34
пристрелить 34
гораздо 34
больший 34 46 65 97
кислый 34
кровать 34
чёрт 34
пробиться 34
поверить 34
пчёлка 35
невеста 35
сокровище 35
сумерки 35
саша 35
глядеть 35
наполнить 35
цвести 35
марш 35 80
роиться 35
лиловый 35
вереск 35
рассвет 35
поить 35 55
растение 35
сотня 35 41 69 77 81
исходить 35
луга 35
цветочный 35
приветствие 35 72
комнатка 35
называться 35 47 61
ткач 35
эрик 35
сладость 35 54
родина 35
эрики 35
счастие 35 39 54
цветочек 35
стиральный 36
машина 36 51 67 75 80
накрасить 36
венди 36 65
выставить 36
забросить 36
помада 36
закрыть 36
запереть 36
привычный 36
туфля 36
ми 36
си 36
роман 36 65 82 96
машинка 36
крик 37
миллионер 37
дьявол 37 76
русски 37
невозможно 37
она 37 50
волга 37
хей 37
водка 37
сволочь 37
давно 37 39 90
прекрасный 37 43 50 56 71 82 96 98
владимир 37
бар 37
кавказ 37
бродяга 37
былой 37
князь 37
бутылка 37
иван 37
соня 37
зал 37 43
хэй 37
полюбоваться 37
отставить 37
прознать 37
варанк 37
принести 38
ковбой 38
пуля 38
остальной 38 42
убегать 38 58 66
комната 38 65
рот 38
свисать 38
шестизарядный 38
крутой 38 42
ловкость 38
замысел 38 85
детишки 38
болтать 38 64
спуск 38
раскрыть 38
самокрутка 38
лёд 38 59 66
какой 38 41 50 61 84 91
обогнать 38
сюрприз 38
странный 38 39 55
окинуть 38
револьвер 38
крючок 38
пистолет 38
взгляд 38 52 56 71 73
сойти 38 55 75 86
из 38 63
кроссовок 38
коробка 38
роберт 38
кухня 38 90
поздно 38 41 50 90
запаковать 38
целый 38
каморка 38
летний 39 65
фамилия 39 46
касио 39
рвота 39
очистить 39
дословно 39 41 69 74 77 81
выбросить 39
кот 39 45
село 39
детка 39 43 48 57 71 79
жерар 39
ролекс 39
вроде 39 50 90
замена 39
качество 39 98
чао 39
птица 39 95
налоговый 39
марти 39
клара 39
тип 39 63
качаться 39
завтра 39 58 81
жевать 39
полёт 39
пресса 39
шакир 39
спровоцировать 39
твинго 39
репутация 39
узнавать 39
мальчишка 39
поработать 39
предполагать 39
светлый 39 82
променять 39
свекровь 39
виноватый 39
выставлять 39
сессия 39
критиковать 39
чемпион 39
желудок 39
шаг 39 46
плен 39 73
испортить 39 40 90
гость 39
пик 39
ненависть 39
ясный 39 88
приводить 39 79
создавать 39
мнить 39
промыть 39
снятой 39
фоткаюта 39
фразеологизм 39
умолять 39
долг 39 69 80
сюда 39 63 97
подобный 39 70
спешить 39 46
глотать 39 42
феррари 39
волчица 39
притормозить 39
музыкальный 39 46 58
к 39 43 56 57 59 70 81 82
чиа 39
отвлечение 40
проходить 40 61 66 72 73 74
застрелиться 40
поставить 40
жертва 40 90
отражение 40
волшебство 40
пропасть 40 59
базарить 40
исчезнуть 40 50 53 77 84
злодей 40
облажаться 40
обвинять 40
поджигать 40
темница 40
позорить 40
злой 40 76
погнать 40
идеальный 40 48
истинный 40
расплывчивый 40
монстр 40 88
отпускать 40 59
вино 40
сжечь 40 43
переживать 41
приглашать 41 82
километр 41 60
бешеный 41
скорость 41 93
утверждать 41
чисто 41 57
вздох 41 55 83
мелить 41
дорожить 41
полюбить 41 90
подойти 41 99
деревня 41
усложнять 41 90
заговорить 41
признаться 41 54
грустный 41 91
уверить 41 44
утонуть 41 52 69
вечер 41 54 91 95
услышать 41 50 60 62 71
незнакомец 41
внезапно 41
выдумывать 41
пожелать 42
таблетка 42
цирк 42
сплетня 42
притворяться 42 73
подавиться 42
напролёт 42
пластика 42
тоник 42
дегустация 42
совет 42 60
ложь 42 49
прожечь 42
глотка 42
скрывать 42 79 98
джина 42
цена 42
внешний 42
икона 42
хмурый 42
обнажиться 42
монополия 43
ибо 43 66
загробный 43
солдатский 43
парка 43
песчаный 43
птичий 43
решётка 43
кирпич 43
купюра 43 60
божески 43
рейхстаг 43
просыпаться 43
носить 43
тюрьма 43
доказательство 43
травка 43 59
ура 43
макдональдс 43
спать 43 60 65 78 91
сад 43 80
стрела 43
выглядеть 43 63 71 82
потушить 43
херня 43
камин 43
бомба 43
раскачиваться 43 97
нынешний 43
десятилетний 43
парта 43
пляж 43 46 97
гладить 43
лиана 43
мурашки 43
ранний 43 54
продолжаться 43
тюремный 43
ядерный 43
поём 43 97
евро 43
нард 43
слиток 43
ведать 43
конфетти 43
сражение 43
лук 43
подвиг 43
помидор 43
помповый 43
паспорт 43
пламя 43 85 93
дырявый 43
кресло 43
пастись 43
придумывать 43 46
провести 43 96
барбекю 43
руина 43 80
трезвый 43
господь 43
школа 43
замшелый 43
фиговый 43
генрих 43
дно 43 57
вырастить 43 80
флаг 43
корова 43
таять 43
потсдамский 43
бесконечно 43
гаснуть 43
давность 43
творить 43
погонять 43
скамейка 43
выдержать 43 50
одежда 43 90
уезжать 43
площадь 43
листок 43
пожар 43
вкусняшка 43
офисный 43
жарить 43
библия 43
царапать 43
заниматься 43 51
рассказывать 43 78 81 85 89
бункер 43
мясо 43
запирать 43
превратиться 43 54
настрелять 43
выбрать 43 50
греться 43
неоновый 43
учить 43
секс 43 74 79
порно 43
брусчатка 43
шлем 43
гнездо 43 61
застать 43 99
пища 43
яблоко 43
лежать 43 59
рэп 43
вывеска 43
ружьё 43 67
церковь 43
ветреный 44
легко 44
терять 44 59 61
месячный 44
татьяна 44 54 69 71
строить 44
предсказуемый 44
хотя 44 59 85
любим 44 54 55 71 88
достать 44
постоять 44 58
макияж 44
сведение 44
сборище 44
идеал 44
уродина 44
слабохарактерный 44
растить 44
мосс 44
следующий 44
ссора 44 90
волобуев 44 69
порвать 44
реагировать 44
потрепаться 44
повезти 44 53
достойный 44 53
вечный 44 89
задница 44
одинаковый 44
кейт 44
встреча 44 85
простыть 44
слабак 44
дешёвка 44
перевернуться 44
чемодан 44
важно 44
глупышка 44
мачо 44
атаковать 45
умтити 45
толиссо 45
кубок 45
пенальти 45
дидье 45
варан 45
надёжный 45
менди 45
справа 45
поль 45
мбапп 45
позвать 45 58
льорис 45
контролировать 45 52 89
набир 45
эрнандес 45
мероприятие 45
ареоля 45
зонзи 45
дешам 45
отбить 45
кант 45
левша 45
самюэль 45
кирка 45
чемпионат 45
двадцать 45
ганьоа 45
бенжамена 45
правша 45
голо 45
юг 45
усман 45
рафаэль 45
атака 45
ускорение 45
кимпемба 45
лемара 45
оливье 45
далее 45
фло 45
сидиб 45
антуан 45
жир 45
погб 45
национальный 45
блёз 45
проброс 45
спортивный 45
бить 45
маэстро 45
футболист 45
спустя 45
дембель 45
перечисляться 45
момент 45 89
фекиль 45
товен 45
манданда 45
манёвр 45
гризманна 45
удар 45
н 45 58
блезть 45
ивуар 45
павар 45
ведение 45
сборная 45
синий 45
футбол 45
стычка 45
слева 45
прозвище 45
настать 45
мяч 45
рами 45
матюидти 45
килиан 45
победить 45
том 45
обманный 45
центр 45
крошка 46 68
умело 46
отпечаток 46 91
понемногу 46
стена 46 50
постоянный 46 98
переступить 46
магнит 46
потанцевать 46
отдавания 46
волна 46
подписать 46
луис 46
пульс 46
лабиринт 46
ритм 46 89 97
фонси 46
торопиться 46 59 67
аромат 46
план 46
металл 46
манускрипт 46
ухо 46 97
превратить 46 57
опасный 46 78
победитель 46
короткий 46
никуда 46 60
рико 46
следить 46
зона 46
приближаться 46
шепнуть 46
максим 46 85
медленно 46 79 89
подумать 46 57 59
обычно 46
процесс 46
часть 46 47 59 69 73
бум 46
орган 46
наслаждаться 46
спешка 46 94
продолжить 46
дико 46
затягивать 46
дорога 46 50
чуткий 46
головоломка 46
пуэртый 46
учащаться 46
порочный 46
вдыхать 46 68 88
жаждать 46
счастливчик 46
раздевать 46
красавица 46 82
запись 46 85
сидровый 47
бретонский 47
разгильдяй 47
период 47 79
поодиночке 47
сбор 47
перевести 47 57 69 73
мука 47
голландский 47
бретань 47
ка 47
ла 47
марь 47
оригинал 47
стеснение 47
множество 47
точный 47
алан 47
прима 47
одолеть 47
перепеть 47
написанный 47
использовать 47 66
закатывать 47
фолкнуть 47
пьяница 47
говориться 47
коллектив 47
изначально 47
многий 47 71
мотив 47
порой 47
западный 47
северо 47
исполнить 47 61
википедия 47 85
жан 47
копия 47
стивелл 47
сидр 47
известность 47
музыкант 47
бернар 47
арфист 47
крестьянин 47
ценитель 47
инструменталист 47
предел 47
неоднократно 47
лау 47
бабник 47
мультя 47
нидерландский 47
урожай 47
солгать 48
винить 48
подходить 48 73 86
одинокий 48 57 58 62 95
рассказать 48 50 57 93
проходимый 48
вини 48
особенно 48 98
честный 48 62
сложно 48
изменить 48 53 73
решение 48 53 78
управлять 48 78 84
раздражать 48
дассный 49 98
блаженный 49
кисть 49
ласкать 49
джо 49 98
являть 49
точка 49
средь 49
тайна 49
краска 49
вновь 49 69 91
любя 49
художник 49
ощущать 49
придумать 49
счастливый 49 50 56 62 84 85
слезинка 49 50
дрожь 49 54
мгла 49
чудище 50
спина 50
плод 50
река 50 94
дышать 50 65 95
отец 50 75
плот 50
благозвучие 50
терзаться 50
океан 50 68 73
рано 50 76
воительница 50
спасти 50 62
зимой 50
дрейфовать 50
холод 50
поселиться 50 75
потайной 50
надвое 50
укрыться 50
плыть 50
познать 50
англ 50
шрам 50 57
смысл 50 66 72 95
чрево 50
мощный 50
отцовский 50
добровольный 50
глубоко 50
клетка 50
луч 50 72
знамя 50
вода 50 66 88
чужой 50
напрямую 50
ольга 50 73
впускать 50
бремя 50
сказка 50
связать 50
закатный 50
проволока 50
расколоть 50
взамен 50
драгоценный 50 57
ранита 50
комаров 50 73
несчастие 50
принцесса 50
принцип 50
мультфильм 50
коралина 50
заточение 50
щит 50
топор 50
героиня 50
коралайна 50
питьевой 50
мина 50
отказываться 50
усеивать 50
нечто 50
мокнуть 50
туда 50 63 69 75 95
неистовый 50
колокол 50
принц 50 98
полноводный 50
медный 50
серебряный 50
иной 50
укрытие 50
з 50
несчастный 50
касаться 51
напиваться 51
мелочь 51
закрывать 51 60
клуб 51
задний 51
гулять 51 63
напоминать 51 57
закончить 51 53
ехать 51 60
разлука 51 81
толпа 51
сидение 51
привет 51
аплодисменты 52
сердцебиение 52
энергия 52
фантазия 52
доверять 52
тупик 53
устроить 53
позволять 53 59
тонуть 53
спокойно 53
тикать 53
горевать 53
ти 53
поднимать 53
сбрасывать 53
передумать 53
наповал 53
сдаться 53
прыгать 53 97
корабль 53
стелить 53
заканчиваться 53
простыня 53
сразить 53
бардак 53
стерва 53
пустота 54
грусть 54
неотъемлемый 54
валерий 54
петрович 54
каратеев 54
гоцуляк 54
белов 54
евгениевич 54
буслаев 54
юрий 54
невозвратимый 54
спрятать 54 72
челентано 54
ломакин 54
льшуя 54
послевкусие 54
игорь 54
единственный 54 79 84 91
потихоньку 54
ванна 54
сцена 54 88
денис 54
воронов 54
адриано 54
нереальный 55
крепнуть 55
дискотека 55 64 82 91
такт 55 57 80
сумасшествие 55 98
безумный 55 65 93
мера 55 68 75
смущаться 55
конфуз 55
летаться 55
крайний 55 68 75
разница 55
рикки 55 91
замешательство 55
придвинуться 55
дольче 55
полететь 55
х 55 64 82 91
летать 55
всколыхнуть 55
рть 55
поверь 55 91
путаница 55
фестиваль 55
э 55 60 74 91
страстный 55
крепко 55
вселенная 56
бриллиант 56
ладонь 56
метеор 56 66
обнимать 56 71 89
обличие 56
излучать 56
обратить 56
солнечный 56
сияние 56
немедля 56
сразу 56
покуда 56
поддерживать 57
пожинать 57
обозначать 57
грань 57 61
достигать 57
вообще 57
описать 57
находиться 57
бездыханный 57
жалеть 57 73 87
отчаяние 57 61
посеять 57
сленговый 57
скатываться 57
уносить 57
литься 57
разоблачить 57
получиться 57 71
они 57
внизу 57
частичка 57
марат 57 81
кристально 57
пожалеть 57 64
выражение 57 74
вспыхивать 57
оставлять 57
выводить 57
экипаж 57
джумагазий 57 81
нечего 57
двое 57
товар 57
заставлять 57 58 78 86
апогей 57
собираться 57 65
согласно 57 69
адель 57 69 73
список 58
грррыы 58
определять 58
сбивать 58
рыдать 58
робертс 58
ай 58
орбисон 58
ой 58
телекомпания 58
удостоить 58
подождать 58
тик 58
выпустить 58 80
сжалиться 58
рой 58
позиция 58
назвать 58
известный 58 81 96
поп 58 60
белый 58 75 85 94 100
художественный 58
неделя 58
ричард 58
гир 58
журнал 58
уделить 58 92
передача 58 80
билл 58
состав 58
поместить 58
знак 58 78 85
минута 58
посмертно 58
покидать 58 77
г 58 96
чёрно 58 60
джулия 58
асфальт 58
нервный 58
широко 58
август 58
диз 58
занимать 58
стучать 58
войти 58 61
каблучок 58
участие 58
вокальный 58
ролл 58
впадать 58 65
взглянуть 58 60 86
упад 59
горячиться 59
стресс 59
факт 59
идея 59 84
муза 59
направлять 59
ящик 59
заглянуть 59 86
краснеть 59
замечать 59
изя 59
ножницы 59
спасть 59
пыл 59
обычный 59 91
крутиться 59
расслабиться 59
подвох 59
подкармливать 59
ходить 59
мидас 59
открывать 59 62 90
позади 59
пластинка 59
жара 59
опрятный 59
ниже 59
расти 59 89
божественный 59
зелёный 59 75
ведро 59
сливаться 59
снизу 59
некого 59
пилить 59
пролетать 59
образ 59 70 88
выкладывать 59
поливать 59
закрытый 59
бейк 59
напрягаться 59
мистер 59
выпивка 59
ощущение 59
трава 59 71
зарабатывать 59
тягаться 59
рассудок 59
потеряться 59
смыкать 59
неподвижно 59
блюдце 59
мотать 59
шампанский 59
неприкасай 59
бумага 59
мимо 59 74
трек 59
пересказывать 59
бездвижно 59
подносить 59
хейтеры 59
скромный 59 60
врать 59
обезболивать 59
излечить 59
наклоняться 59
осторожный 60
несправедливый 60
брюлик 60 86
раз 60
улыбнуться 60 82
ламборгиня 60
присесть 60
подъезжать 60
рёв 60
педаль 60
подать 60
навешать 60
блэкпинк 60
гавкать 60
объездить 60
примкнуть 60
пол 60 85
молиться 60
выключаться 60
сфоткай 60
встречать 60
дерзить 60
рабочий 60
район 60
нажимать 60
ответ 60 85
инвестировать 60
ценник 60
тёмный 60 65 85 95 96
дешёвый 60
пустовать 60
подражательница 60
папарацци 60
розовый 60
распрощаться 60
серьёзно 60 64
морозить 60
кнопка 60
куча 60 86
выключиться 60
падение 60 69 91
перестраиваться 60
выключение 60
скорый 60
цепочка 60
оборачиваться 60
воу 60
трепаться 60
заблудиться 60
проигрывать 60
выключать 60
двести 60
заткнуться 60
поводок 60
заходить 60
полоса 60 93
камушек 60
покупать 60
советский 61
фаррес 61
монтьель 61
прокат 61
женский 61 74
тереса 61
острый 61
шпионский 61
коул 61
касабланка 61
екатерина 61 82 99
сара 61
нэта 61
кокуриный 61
роль 61
вилара 61
кубинец 61
саундтрек 61 69
отвечать 61
освальдо 61
звук 62 85
киношный 62
планета 62
видимо 62
худеть 62
трусиха 62
глобальный 62
сочувствие 62
венера 62
обитатель 62
издавать 62
потепление 62
р 62 83
полнеть 62
полоска 63 75
смешаться 63
белые 63
узкий 63
модно 63
преуспевать 63
купер 63
брюки 63
магазин 63
миллион 63 98
пальто 63 90
цилиндр 63
разрез 63
супер 63
мода 63 72 83
авеню 63
бульвар 63
одеваться 63
высокий 63
стоящий 63
зонтик 63
носка 63
трость 63
монета 63
прекрасно 63 71
нос 63
грустно 63
актёр 63
задрать 63
перчатка 63
одетый 63 75
воротник 63
гэри 63
парк 63
надевать 63 74
рокфеллер 63
одеться 63
сновать 63
разогнать 64
маришка 64
так 64
миронов 64
спотыкаться 64
вызов 64
сторониться 64
умолк 64
повторить 64
незачем 64
пара 64 90
ненужный 64
постепенно 64
ветерок 65
персиковый 65
дерево 65
вскарабкаться 65
взорваться 65
поспешить 65
поздний 65 85
депрессия 65
пятно 65 94
бескрайний 65
подняться 65
уступ 65
спрыгнуть 65
отредактировать 66
юлиан 66
крутило 66
затаиться 66
шоу 66
веселие 66
согласиться 66
кардинально 66
засиять 66
неметь 66
висок 66
переулок 66
менять 66 83
поучать 66
повзрослеть 66
жест 66
умнеть 66
шаблон 66
топливо 66
бензин 66 93
лузер 66
соломатин 66
шрека 66
прохладно 66
кататься 66
стыд 66
спутниковый 66
раздавить 66
переставать 66
тонкий 66
убираться 66
теплеть 66
палец 66
отличаться 66
изображение 66
плавать 66
прогулка 67
ударить 67
янвить 67
насколько 68
счётчик 68
преданность 68
кофейник 68
трудный 68 80
укладка 68
пыль 68
пылесос 68
глубокий 68
обогреватель 68
заржаветь 68
командовать 68
настолько 68 82
лосьон 68
кофе 68
прислушаться 69
отнять 69
рассыпаться 69
бондиана 69
сценарий 69
захватить 69
беречь 69
движение 69 89
тимохин 69
пережить 69 90
бонд 69
объятие 69 70 92
скайфолл 69
взрываться 69
чучело 69
происходить 69 73 78
сталкиваться 69
сбить 69
разделить 69 71
досчитать 69
развязка 69
задержать 69
одноимённый 69
дж 69
полюс 69
напасть 69
мрачнеть 69
миг 69 89
выстоять 69
опоздать 69
обрушение 69
содрогнуться 69
поместье 69
фанючело 69
обрушиться 69
александр 69
упустить 70
бесконечный 70 73 92
намёк 70
аиша 70
смутный 70
запоминаться 70
навеки 70
бессмертный 70
загадка 70
равнина 70
ужасно 71 93
будущее 71 98
отражаться 71
прошептать 71
еле 71
совершенство 71
ксения 71
повстречать 71
слышный 71
предначертать 71
роджерс 71
отдаться 71 96
противник 71
заслуживать 71
босиком 71
ангела 71 88
заслужить 71
войцех 71
нежно 71
выплакать 72
искажённый 72
прощание 72
вера 72
депеша 72 83
влюбить 72 98
грезить 72
быстротечный 72
воскресный 72
незаметно 72
дремать 72
увядать 72
растратить 72
безрассудный 72
облегчить 73
разделять 73
выживать 73
далёкий 73
переубедить 73
раскисать 73
идиом 73
забывать 73 86
фраза 73 81
отлично 73
опустить 73
жестоко 73
поступать 73
резать 73
достойно 73
долгий 73
благодарный 73
уговаривать 73
вряд 73
измениться 73
прекратить 73
лёгкий 73 82 94
благо 73
хвост 73
произносить 73
натурал 74
либидо 74
дословный 74
петух 74
унция 74
кость 74 77
труба 74
остановка 74
нейтральный 74
аналог 74 95
смешно 74
пит 74
бельё 74
стейк 74
нездоровый 74
термин 74
игрок 74
ебучего 74
переходить 74 93
позировать 74
бейсбол 74
применяться 74
ликование 74
клясться 74 83
скрещивать 74
неприятный 74
слэнговый 74
усмирить 74
отсылать 74
дымовой 74
заменяться 74
возраст 74
фаллический 74
описывать 74
вихрь 74
голый 74
больница 74
самец 74
зеркало 74
японский 74
инфаркт 74
хоум 74
безразличный 74
шлёпать 74
рана 74
квира 74
печь 74
ябо 74
юный 74
обтягивать 74
утешить 74
напротив 74
символ 74
больничный 74
поймать 75
коричневый 75
согласный 75 91
паук 75
напугать 75
продержаться 75
дьявольский 75
неплохой 75
безопасный 75
разозлиться 75
праздновать 75
халат 75
влюбляться 75
минимум 75
лето 75
ботинок 75
канада 76
постучать 76
обслуживающий 76
обочина 76
кавер 76
здравствуй 76 77
автобус 76
восстать 76
сша 76
перевозка 76
мексика 76
довольный 76 80
компания 76
отправиться 76
междугородний 76
дух 76 96
кусок 77
твёрдый 77
замечательный 77
поиск 77 98
занять 77
побороть 77
хрупкий 77
разум 77 83
вблизи 77
местечко 77
спрятаться 77 94
снаружи 77
пожалуй 77
разорвать 77
стекло 77 91
айлиш 77
билли 77
подпёвка 78
ерунда 78
разобраться 78
съездить 78
беспокоить 78
перемена 78
познание 78
запад 78
пример 78
тревога 78 87 97
поучиться 78
освободить 78
восток 78
получать 78
живить 78
принимать 78
бизнес 78
рискнуть 79
трахать 79
уу 79
понадобиться 79
уоу 79
отдать 79 89
платить 79
подружка 79
погасить 79
засунуть 80
старание 80
родить 80
размножаться 80
точно 80
вверх 80 97
господин 80
квадрат 80
останавливаться 80 95
пивоваренный 80
замереть 80
превосходно 80
вниз 80 89 97
недовольный 80
правильный 80
повтор 80
привести 80
почитать 80
немецк 80
правильно 80
благополучие 80
пунктуальный 80
идеально 80
познавательный 80
добродетель 80
бдеть 80
звёздный 80
телевидение 80
выполнить 80
завод 80
оловянный 80
воскреснуть 80
слушаться 80
служить 80
робот 80
андреа 81
вдохновить 81 85
проститься 81
полночь 81
веласкес 81
произведение 81
крепкий 81 92
переводиться 81
превозмочь 81
консуэть 81
инструментальный 81
композитор 81
торрес 81
жанр 81
ария 81
бочелли 81
записывать 81
энрике 81
гойески 81
век 81 96
отводить 81
мексиканка 81
болеро 81
целоваться 81
опера 81
эквиритмичный 81
гранадос 81
л 82
едва 82 90
щека 82
гармония 82
повернуться 82
перехватить 82
эффектный 82
вечером 82 90
замутить 82
оторвать 82
саван 83
рушить 83
святыня 83
заголовок 83
очертить 83
ставить 83
антивоенный 83
космос 83
граница 83
спасение 84
ведущий 84
прошлое 84 87 98
славить 84
братство 84
совершенный 84
нация 84
человечество 84
способный 84 100
манка 85
нигроса 85
варум 85
лапина 85
завгородний 85
сгуститься 85
побудить 85
мрак 85
разбудить 85
трудно 85 90 95
слать 85
шёпот 85 96
объяснять 85
римидавть 85
рак 85
лист 85
маккартень 85
битлз 85
михаил 85
окружение 86
колдунья 86
экран 86
лайковый 86
впустить 86
расписаться 86
сложение 86
писать 86
гадость 86
обед 86
хрустальный 86
отличный 86
капёс 86
выигрыш 86
чара 86
стол 86
мамин 86
бабка 86
пожениться 86
открыться 86
рассуждать 86
завистница 86
сумка 86
статистика 86
банковский 86
загадывать 86
обвешать 86
сводить 86
наложить 86
бренд 86
пение 86
желание 86
шар 86
охладить 86
похожий 86 98
обжечься 86
фото 86
типаж 86
врата 86
стесняться 86
нуль 87
разжечь 87
вымести 87
олехов 87
добровольский 87 98
удовольствие 87 93
костёр 87
зло 87
ирина 87
пиаф 87
забытый 87
мгновение 87
печаль 87
наплевать 87
оплатить 87
глеб 87 98
семнадцать 87
эдита 87
околдовывать 88
искусство 88
люсиль 88
сено 88
трепетать 88
уверенный 88
абсолютно 88
сена 88
воздух 88 94
экстра 88
тень 88
выступать 88
елена 88
экстравагантный 88
берег 88
поворачиваться 89
успокаивать 89
зима 89 91
свести 89
каков 89
смех 89
приятно 89
блаженство 89
терпение 89
сыпаться 89
задать 89
мягкий 89
пепел 89 93
страсть 89
утешать 89
барабан 89
отдыхать 89
рад 89
поза 90
книга 90
финал 90
помешать 90
хлестать 90
испытывать 90
одеколон 90
тяжело 90
портить 90
карий 90
прежний 90
эмбрион 90
отказать 90
веский 90
звонок 90
занятый 90
рассматривать 90
поговорить 90
справляться 90
месяц 90
свернуться 90
стереть 91
снег 91
вызывать 91
ревность 91
около 91
подушка 91
растаять 91
теп 92
сохранность 92
согревать 92
сгорать 92
целость 92
безнадёжный 92
безопасность 92
тон 92
спидометр 93
обряд 93
легендарный 93
разгораться 93
шумиха 93
скиталец 93
грязь 93
вена 93
край 93
максимальный 93
долбанатия 93
взвод 93
животное 93
возбуждать 93
поделать 93
ммм 93
спичка 93
превращаться 93
зажигать 93
отрицать 93
королева 93
опасность 93
неудержимый 93
правосудие 93
здравствовать 93
цифровой 93
бензобак 93
торчать 94
рожать 94
подбрасывать 94
седой 94
нанизывать 94
цепь 94
семя 94
родимый 94
поклясться 94
утопить 94
живот 94
горло 94
соска 94
болезнь 94
истечь 94
угорь 94
облизывать 94
мокрый 94
пупок 94
складка 94
одарить 94
удаль 94
зачать 94
нож 94
вслед 94
детвора 94
молоко 94
трубка 94
лес 95
шаль 95
набрасывать 95
лесной 95
безжизненно 95
тропа 95
ветвь 95 96
еловый 95 96
низина 95
ах 95
опушка 95
свидание 96 98
истлеть 96
макс 96
тихонько 96
фаллада 96
воспрянуть 96
покров 96
отправляться 96
страшиться 96
бытие 96
безмолвный 96
адья 96
чудо 96
доноситься 96
теребиловый 96
непременно 96
плоть 96
предстоять 96
испокон 96
затащить 96
потухнуть 96
вечеринка 97
скакать 97
зайчик 97
алексей 97
лапка 97
ритмично 97
отбивать 97
макушка 97
песенка 97
луг 97
заячий 97
шнуффель 97
жижин 97
задорно 97
издалёка 97
ушко 97
раздражительность 98
бывший 98
потратить 98
непонятный 98
здоровье 98
неестественный 98
одновременно 98
иллюзия 98
удача 98
возвращение 98
недостаток 98
измена 98
выходка 98
молчание 98
шутовской 98
организовать 99
неудача 99
принуждение 99
катиться 99
протяжение 99
народный 99
врасплох 99
рутина 99
чёрный 100
хинди 100
диско 100
серебро 100
танцор 100
дружище 100
